202011221221112101120011102222
121222221222201211100121211221
122112122211202202101011102212
012112122111101202101121201212
201120110220102101201021112212
020120211211211111122110202221
101121222211201102101021211222
111010212222111011121021102221
110021120121102101210122112211
102122222111100102001122210222
021212121212202211100120201211
212222222212200102100022221222
222122222221201202101012112222
102011222121011102011122101222
110020111221101010211021112221
002202220222202202222022202222
202022220220202200220000202222
202221211211201102101021211212
121122221221202211001111101221
202110211221112102111021102212
101111120221102101211022112222
101010222221112102111021102222
111122221112201102110122211211
111121220210212201121100202222
102211210221202202212021202212
111121212212200011111021211221
201021120220102100210011112222
011211220211212202122111202222
101021221220202201211010202222
111221221201211102011111211222
002022222020000202002222200222
111111221222112111010121101221
211121121221101101200022122222
121022221121202202111112102211
122212122212201202200021212212
011111211222201111222021202221
000020222220202202202020202222
001111221221202202212021202222
112022222120101202002112101222
202122221211201101110011211222
011112220122202202221122202211
020220220200222202022200202222
212111222222111102110022112222
020122220122202211110221201210
111011221122112102120122102211
010120221210212202112110202222
112122222121100202101122211222
020222220222202220000220200220
022202022202202202200020202202
021112121112202202210121202201
111021222220202202102011102222
112211111211202202201020202202
011122221121101211001221200221
110120120210112101111111112222
102112220221202201221011202222
111220210210212202112110202212
100020121220102101201021112222
111021211221201110221010202221
212121211220202202102011102212
121021212221201111112011102221
