220100112111021220102001210112111110100211000211200120221010121212112011201201112110222100110110111110222002010020000211
222022202000000200020200222220000220000222020202000000222020200222202022022200022000222020200202222002200000002220222202
222202202002220220222202222022200220000202020202022020220000022202222000002002200002020020020020222000220022000220200200
221111112011101220000200221021200220100120110100021100121010021011222002101100110101222010110210222210011120010020001101
222122222020021220102101220211110210000120020201020210210010110102211010101102122020221100121111222000212011012020102211
222202222022220002002202222222202200200022000220200220220022020002022002200220002020200000020000222202220000002200200220
222111222021122210101102221210212210000121120210010110201010101222112011111202102200222210220101212101212011000020201211
222122122020110220101201221111200220100120010201021200221010120002221001102101221111221110120110222100111011011020001211
221111112021110121111200221121200220200120010200021100221110120002222001102100211111221010220100211110100011001020101201
221212212022022221001102221211200110001221120221020111221011010212102012202201112210221010010011121100112101011020201210
221212222020121120102202222202210210100122122201020020210100121102211011202100012010122010010010220201100112011021201201
221111212011012220001100220121110210000120120100020110110010011111212011100101011010222000111211222110112120011020102101
220212222020121110002201221211211120100112122200021010220200111102122112102200112120122120020011221211111021001020100102
222011222011022221111101222222200110100221020211100110121102221211122012112202002120222110220210212101212002021111100201
122202222021110220102201222201210200000222121211011120210010011202211000102100022110221000010010220201101102012111201101
201022222021022210101212220121200200101211111210010010221010100011112012101201012220220121111120221201111010111120102100
221101222011010210002110220221201110000212021211021100221111111102022101102111211220122120120011122221222021102020100101
222121102020010122102101221210210220000221120201010020221020201212022001210100102020221120220000222200121011000120201201
212212222011021120112201221201200200000211021202121020211010012212201111101000122010221000101110221200111101011021202201
220222212020010111121101221112201220101211021211020110221020010021111102112202012110221020120010222220202012010021101201
222212112021120112002201221211201210100121110211100120221021111102022002200110002020210110120000222201120000001110200210
220210212020120121121100221121200110100202010220020100201010110112102021001201010010120021210110212101122012011021200210
211112222010120220111202222101200210100122121211020021100011022102110000101100021011221010110010211101211101011111202210
211202212012121020011202221220211220000220020212001100211010110101122012201202212020120010120101200202222010121020101200
221202122021021120012001221201200100001221120222020111211011110102212011212202012110221120100021221000111001101020101111
221202222021212221112001220121200200000121120201020120222021111012002020201100022100221020121011212010202010002000201212
222112112021210120001201222121201220100120010201011100222010110101222012102101221111121010120101211201111010111020101200
221201212022120012112201221221201210200121010210110110220121120002122001201210102020210000120000211111210001002110201211
222122012020110221001200221111200220100120110201011110222010111102122002101000111111221120220100222200010010000020100200
211011222011011210101111220122200200001222111221010100222021110001112011101112111220121120211020122211112021111120101100
222112222021121111002101221222111200100021010210110220210011010102112011100111012020211000121101222101211010002110201210
211212212020112120012102221212211210100121121111020010210110120002222012102100012020122020020010221201001011001020100202
222122212010010210111201221210100220000221020202010100221020210112211011112201122010221110110111222001211001012120112212
221201202022120021112201221220201220100220020201010000221120210101222011202201212020120000120001200111211001112020202201
220201212022021211102101120101121200100212011212100210221011120112102011200200102210221200100011111110222011020020001212
222211112021120120021000222211210210100221020212021110201110210012122021212101112020222110210010221000211001100021102112
221111202021011121001201221210200220100221020221110010220020111212001012211201102120222010120001022100112110111020102221
220101112111022220102002210112200010101210110221110121221001121202212002202202022100221010110111120100112002001020100210
220210202011011220010200220121200210000211120110020000111020021011212012100200000000121011100210212111122111011021101111
220202222020020200002200220220202020000202022200022000220200002202022202002200222220222220020002222220222020002020000002
220222222020111121111101222202210220200121122210020020220110120011212112212201002010121020120010221211101012010020100202
221201202012120121222201221121200220100211020201021010220110121102222000102101201011120010120010211010210012001120201201
222222222020020220202202220200200220000220020202020200220020220002220000202202222020220200020020222000222002022020002222
222102212012111220122202221112211220000212020212121121221010121102212101002002201011121020010011212001221021011220201101
211122222021122120002212221211210210200111121200020020220100210012122012202200002120121021020120220202110011101020201201
202022222022022220002222220220200200200200020200020020220000200022022002202200002220220022020220220202220000202020202200
222022112010100210010200222121100220100121010201011100222010110112212012012100121101222020210201222101100010001120111201
222211212022021222000201222111100120101111010211010100220020111112112021111100102210222100120100112110121110111010201210
222122102010010211011200221210100220000221120202000010222020201212112012111100012010221120210101222101110000001120211201
221212212020020110112202221112201210001212021202020110211010011112110001102101022110222010010010221210201112011022202200
222100222011011220102111221221211200000222020221010200211021110112012000102112201210122120220011122112222012101020200211
211112222020112211201102220122200200001222211210010110222020110001102021100101022210221120111021212100102010011110102111
221112222021121200001101220210202120000111121200021010211100102212122112111201112210222210120101212210212020001020101101
221011202010000110011200221210100220100221020212100010221020211212101012121201012010222020210102122001101010102120112212
220110202020010120011200220211200210100211020221110010211020121102101012110201001010121021210101112001112011102021101221
220222222020000222220000222202200220200220022220020020220020020020202202222202002000220020220000222220202002020020000202
212110212002010220102111220221210200100221010221010200121012120012122000201011101110121120220010122222121112102020200111
220200202012011121111200220120200220100220120100020000120120121011222001201200101010221000110110211120111111011020102102
221111122021021220001000221112111200100211010212110221221020121212001010201100211120222200000111211120222011021020001211
212202212020011220112102221212201200000221021112020010200010021102211001102000022010222010010000221200101101012021101201
211122222021011221111111221211200210200210021210020020220010110021112102212201002110220021120110221211211001111020101201
221110202011001121101101221120210220000221120100020010120020111121122001210200101010222010110110222210122121010120102102
201202202021011220011102220121211200001221120112020100110020020002112012101000122120221010020001222200002000012020011101
122112222022211210001101221200211210000121220210011120211010101212222011111201012210221100120110211201102011001110201101
220222202020020000022202220022202220002202020202020200222020000022020002002202022220222020020020222220202022000022202200
201212212012021120011201220110210200001211120202121110121020011112102122100000222120220000111111222200012000011020112101
222212212021120120102202221210201220000220020202010100221020210101221011202202222020120100020011211101222001122020102211
210212202021020110011202220021211210002212120202020200121020010012011012101101122220221010020011222210102011011021112100
210200202012010121212100211221200220200220020211020000211120120002212101202201212020220000210000211110211002011010202201
211112212001011110020201221220110220000221020212001100211010110112112012111201112010221020210201211102211010011120111201
211212212012022121010202221220210220000221020221011100210010010112012012201201202120221010120100111201222110020020101210
221211202021121121112200220220201220101121020200020010210120120011222011111200201020220100110110211111211011001120202211
211111222011022120111202221221210110000220020221101100211101120111022012101202102020221110220200211201212011021111100200
222111122021021221000100222012100110201100010212010211220020222102111010111000111110222200110201211120121020112010101210
222112202001110210121201222121100220000212020202011010221010111212212011012101111001121020110111222001210011001220211201
222110222012001220001110221211211210110221020221020200222121110102112000101111101221121120121021022212222022102020101200
210112222021122210111101220021200200001121111211010010222021001011102021101201022110220120212010222110102020011110101101
221122222011111122121100222201200220100220021220010020211010120021211112211101002010220020220010221110202011120020100101
221212222020010221211101222202200210100221022211020020210010021111201101212101012000221010110000221210201102021021101201
221122222020000111121001222201200210200221021211011120210010010021202102222201112000210110120101222210212001020020101202
222112212012022222010101222221200220100222020211010110120011111212112012212201102220222010120110112101222101020020101211
222102212002121221121101222122200220100212020202011120120001122202222001112102101111121020120120212001221012010120100201
210122212020021100111202220022201210002212111211010100222020000011111012001202022220221120111020222210102021010121102100
221122212020010000022102221111201210101212020202011210211010000022111002112201122110211110020111222210212011010021202201
221102222021022220011002221112200100001110120221020111212012120202202001202201122110220020100122220110012001001110201100
211202212021111221101102220121210200001222220201020210121020120002002021200000122210221010020012212100102000012010112111
211222222011122020012201221201210210100111121201121020221110111112212122101100112020121010111120221201011011000020201202
221221212020020220111201220211200210000211020211020100211020120002211011101201111010120111110110212001222002012021101221
222012122011022221010000222122200210200211020212010221120011222202111001212101111120222110110211211111222011021020001211
222201212021110220112102221212200200100121021212020120201010012212200011202001022010222010010110221201200101012021201110
212210222021021211011200221101100120101101010201010200220020222102222010010000102110221110220110211011021021112010101210
222011222002111121012110221211200210000221020221010110212011220012121011201011101120121020220020121111212021211020200100
222112222020010110112102222201200200100222021202011120200000011112201001212100122000211100010101221200211101021021202201
211111212011011220102000211222110210100120020211020110201010010102202111101102122020221000211101222100212011011010202200
222212102021120121002201221210201220000220120202000010222020201201122012201101112020120110120001211201121000111020201200
221121212020021220011100220222110200000111020210020110201010010102202021000101011010121011211201212001212011002021201210
212022222022122210001112220210201210100110120200020020211000201122122012211201002210221111120210211201211010101020202200
220212222021111221121000221111200210100120021211020020221021011021102111212201012000220020221000222120202011011010100202
211112222011022120011101220221120210000120020211011210200000010102112011100102112020221010221201211101212020011020101200
221221102020020221011200220211200210000211120211010010212020111102112012100100001010120121210100212101121001001021200210
112211212021120120110000222122210200100111011200021110001020112102212101201001112120221010010011222212212012111020202201
212022222021011110012112221210200200200211020201011120210000100022112002212200112110210111020211221201221000111020202201
212111222002011120012110220211200200000211020212121110222021111112112111101011211120121010211120122211122011101020201201
221122212021121100011102220111202220001111120201020110212010101122121012111202012210222110120110212210202021000021202200
222202222020020220202202222202200200000222022202020020200000022202200000202000022000222000000000220200200202022022202200
211111202001000210111100212221100220100221020212010000212020110112202112112201122010221010200101222101211001011110212201
222121212020122220102201221221201110001121020210110010211111120120122022011201101020221200110210222201212011011211201210
221112122021022220001001221112200100101210120222020222221011121202101001202101121110221110000112220110112011012020101210
222201222020021220202202222211211200000222021211010110200010011212101000102101112100222110110001221101211102011021201211
221211212021020121212201220210200220100220020201020100220120220002221000202201212020220100120010211010211002012020102212
212022222012122121012211221210200210100210020210010020211000210022121012201100002120220021120120220101211010211020201100
111210212022120120111000221212111200100222000201111110111020011212112110201101202220221100000011212111222002120020101202
111202212022110220001201221110220200001222220211011210120020010102112011101100122220220000020011221201002001012110111001
221111102020010121002200220200200220100220120212100020221020212202011002210101002020221120220001122100011010101020101211
221120202020010121111101221221210210000212020210020010211020110112112011110200101010121021210100212101222012001121201211
220202212022022211102102120101210100101211121222010211221002120102202002201201012200220110100012120100112011011020101211
101211212012121020120101221221210210100221010211012100100010011102122101201102202120220010110101211202222011120020101201
211112222012021220002001210211200110001220120112020221112001120212202011211101111110221020110121210101101002011020201111
221111222011000221111010221212200210100221021221020110221021120011112101212112101110121020220010122221212012111020100201
211112122011022120010101221121210210100210020222011211210010121102011001201101211020221110110201210211222020021020001210
221211222020122120102202222211221210100122121210010110210110110112112011102201102110122120120011221102111012000020200212
221101212012002220011201220111211220000221120111120111121020121011212102101101101010222010000111212111122120021120102002
221212212020111111112102220122201210001212120201020210222020110012011011101101022210222020020021212110202011001011202211
201122222011022110111201220111200200001211111211111010222020001111202122000101122120220110202120222200012010010120102101
221202222020111211102101220221201110000212121200021110221110111102012111101100122210222120020012212110212010002010101112
222202212022220011002202222221202210100121010211100110221021110101122012201211112020110000020001211202221000112110201210
210211212011021120020201220221210210000211020221011100201010020002112012100201101010120021210200201102222011011021100210
222112222021121210101102221201201210000121121201020020201000112212211011211101012100222100110100211200201111011021202200
221201202002111220111201221021200220000211120101021010120010022111222001101101100001121010010120222110121121010120101101
222012212001011211020100222221100220100222020202000110121011211212212012122201012110222020210211212002211001011120111202
221212202021122211102201120110211210101112021211010110210011120011212012110200101110220200100111121201222020010120102221
220202222022122120102111121201210100001211121212020211221012010102212002202201112210221010110121211011112001001020211200
220212212021121110022101220021201210001111020202020110222021001022011011102201022110221020121010222120202021001011201201
210212212021010221110101221111210210101221121211020110120020020011102112211101112110220010120001222210102001021020011101
202112212021012220012112220221201200100210020111020010210010110012122002102100012120221021020110221201111000102020101201
222122112020021221002100220211110210000120120201010120211010101202112011100001012020221110221101222100111010001020201200
211101212012010220001111220121210200001222120212020200121021120002012011201011211220121010120011122211112011112020111100
212112222021112221102112220221200200100211120200020120221010210012012011201100012210221021020121211101211000102010202211
222112212021121120002101221221111210000120020201010110211010100201212021101102122020121000121102211101212010112020202200
200202202022020220000202220020220200002222220202020200020020020002002022200000222220220000020002222200002000022020022000
112210212022120121110100222112100110201111000201011100110020112102222110111001102210221100110101212111121011211010201201
111210212021220021221000222121200110200212000210021100100010101212112110102102111120220010110011222201122012120020201201
221201212022021212101201121001110110201101011212000200220011221002212011110100002200221200210101111110121020111010101211
220200202022020022222200220220200220200220020200020000220220220002222000202200202020220000220000200020200002002020202202
201022222011121220011212221110200210200111120210020021110011111012021001101200011121220021120120211102221000101110202210
212212222011112121112101220211200200000211120201121120222020111112102121100000122110221010111121212100112000001010202212
221111122020121121111000222021200110200201010221020211210010211212001010102101120020221110110111221210122021021020101210
221100112111021221101101211012100020201100000211100110220010222102222011111101012100222100220200111110121011101010100210
222002222012012221021101221212211220100222020212110221121011221102212102112102102120222020110111202002222011021120101102
222000222002000220002020220222200200000222020222020200222022220002022000202022200220022020220020022222222022202020200200
211022222020011100111102221111200200101222111211001110211010000011202012111201122110210210111111222200112010020120102101
210201212012021021121201220220210220100220020211011100210110120002122001201201202020220010220100200111211011011020101201
221202222021121120101110122111220200000101022201020210111021111002212002201100112120222010120120212122212011001020212200
221101112110021220101001211022210110100100011210110120111010222102212002201101022010222010120110121211212012001020101210
200200202002000220202000202222200220200220020222020000202020020002202202202202222020220000200000222200222002020000202200
212112212021112210011002220211202210000120120111020010201010111112222012111101012110222110120100212200102010001020101201
221201122021020120012000221201111200000222010212110110211020110112112020211201102120222210100020212010221001110020001112
211222222011011121121100221201200210100210021211121020221020011121202212111101112010220010211110222210112001010020101202
222112202011110110011201222220101220000221020202000000222020200211212022112201122010121010110102211102211000112120212201
212112222011020220001000211121210210000110021101020220002010221112202011210000111020222020120120211212201012011020202111
211201202002110220212101212122200220100211020212021010211010021102212101102102211011120010110010222100221012010110201200
221101202011110120112201221111200220100211020212111020220010122202111001111102101011121020120011122000111021101120101211
222102212012121121011101222221201220100221020202000110121011211201222012212202112120121010120111201102222001121020101201
222202222020111221202102221212200200000222121201020120211010121102101010201000022100222010010011211100201101012011202211
221111212011010210011100221211011210000222010202100110222020110222102021111200112110222110100111212011211001011120111202
222121112021121220010000222122210210200210020212021221211110221112011011202000221020222100110101220110212011011021102211
211211102011010221102100211211200220100220120212010010212020111102112102201101112020220110210000222200121001010010201200
221211212021120111011201221222201200100112010220110110211021020002112012100210001010110011110100212102221001002111200220
222112112021011221012201220201211220000221120212110121222020211102112102101001102020221120110001212101121010011120201101
222011222012111210001011220211201210000121120211020110212011211112122011211112101210122110220110112211212021101020201200
221111222021022220102102221212200000001220120221110111222102120211112012102202012110221110110111221100102002012111200200
222202122020020120011000222111210200000111021211020110101020211002212011211101012020222120110020222111211011101020102111
222212222021021220101101222112121210100110011211020120102010112012212011201100012120122020120020222211212011012120202100
122101222012100220002110221211210200000222120221011210221021110102122000102111111220121010120020121212112012102110200101
221201212012120220112101221112111210000212010202111120221010021212112010101101201111121110010020212010221012010120100201
222011212021001121112102221211221220000222020211120121221020210112112101111101202020222020110001212101222021011220202102
222221202022121221010101222221210220100221020211021110211110110122012022202100212120222000120000121100212101010021202211
111211212022121120111001221212200100101221110211021111111011011202212101202102112210220010000012221101112002111020201201
222112212021112220012201220211212220001122020211120121211020120011212112011101201020221110000111212102222020011220202111
221110222020121121212101222121200010100211010220110100211101210221012021002202011020221110220110222200112012021111200200
221110202021010022212101221220210220100221020200020010220120210112122000211200202020221010220000211110211012001120202202
112220202022220120120000222222210210200221010201022110101110111112122111202001212120221000110001221101212002110021202202
211122212021021110012212220121201210101201020201020110221010100022021002102201012220221021020120221211211011101021202200
220210212021020220011100220212111200000212010211110110212020020112102021100200101110121111100110202011222002011021100211
222111202021110021102102222220211220000221020201010010221020200211122011211201212020121010120001211201222011111120202201
222022222022222200000002220200202220000020220200020020202000202222222022220202002200222200220200202200202020000020202200
221212222022022220102102221202111110101220110222020121212001011112212011202201012210121020110021221100112001012120201100
221111212021021121112100220221110210100120020200020110210110110102212010101101112020221000221101211010201011002020202201
222222202021122221001201221220201220001122020210020010210020010121112022111200201120221100010110122201222110010120202220
212112222021021220102212221211200200100211021201020020210000111112111001202100012110221011010110220201210101112021202200
201112212022021220001212220120210200101211120201020110120010110012012012201100112220220011020111221201111000112020112100
212111222021022220102212221220211200100211020210010110210010100122012001102201102210221121120111221102221001101020201211
222020212020011121202102222221210110000221020210110010221111210221022011111201102020222110220100222200212012011211201201
210122222020011211210101221112200210101221112220010010221020010010202112111202012110220120211010222210102011020120001101
222110222021021221101201222112100010101110010211100100221111221111122021011101002110222200220200212110111011112101200200
222122202010111210011200221220101220001122020201010010211020110121212022021200111010221110100211222102211010001220212211
221211202022121211111101121111220210200211021212011210211101220012112012201100112110221100210001120100212011010021102212
222112222021212211101002220211201210000121220200020120212010211112112021210101012200222110120111202100202010001010202211
211112222022122220012111220120200200100110020201020020221011101022012011202200012110220021121110221111211010102010201201
220100202011001120001200220110200220100220120111110010120020122111111002210201001010222010110111122110012120111020002112
222212202021221120002201221220202220001121020201010010211020110110222022111201211020120100010111211202222010111120202210
222121202011110210020100222221110220100221020202011110212110210122112022112100122010222010210101221001201001001121212202
211221212011010221211101221211210210200220011220010110120011020021212101211101002000220120220000222221111102011020100112
221201212011220121222101222021200120100202010211021110210000111212112010002102110011120020120020222100121022010120200200
211211222021022210012101220201200110001211120211020211221011121202212001101101112110220020110021220001012012012020101210
211202212021020220101202221111210200001222121202020110110010021102101011201000122110221000010001221200101101022021112100
222201122021020121011100222101100110101111010212010100210020211002222020121101002110222210210110212010120010201010101111
211101212012001220112101211212211220100221020222120111212020120002202202102102212020221010100001212101222011021110202101
221221202020121220011200220221201210001112020210020010201020020011212022010200100010120111100210212102222011001121201220
221101202021110020002201221210201220100220020212100010221020211201111012211202112020121010120002111101112010212020102211
200022222020022200200202220022200200002222202220000000222020000000202022000202022220220220202020222200002020020220002000
222222112020020221102201220200200220000220120202010110221020211102121001201101112020220210120010222100121001011020101211
212121212012120220011000211221210220100220020102021220102100220122112021211000211020222010220110210101201002010021202112
212211212011020220202202221211210200100221011211010110110001021112211000201000012000221110110000221211110202012021201111
220220202020020220020200220222200200000202020220020000202020020002202022000200000000020022200200202002222002002022200220
210202212021020210001201220120211110001212121201021100120110011102012112101100222220221110020002222210112010012020011001
211211212011010220202101211211200220100220020212020100211020120002211101202202222020220100110010222100222002021010102211
211212212020001221121001221212201210100220021121020010210020020011212102112101012010221020120000222210102001011020000202
222112212011121220112101221122110210000111020201021120210000011202212010001002111011121010121111222000211021001120201200
211112212021010110011102221110210200101222120202011210110010010012102012211100222110210100020102222200112000021020112101
212011222012011220002121220221200200100211020211020110221011210012022001202111101220121021120120121212221011202020201200
222221212022121220111101222212121220200220010212021120202100111022122021202100112120122010220010221100212001011121202101
210200202002001220101100211121200220100220120111020000111020021011212102201201111010221000100110222210122111020010102101
211111112011100220101100212122200220200120010211021100212010020002212102102101221111221010210100222200111011010010101200
211112212022121210000102220110211210001121220201020110111010111112112022210101112210221100120101212200102010011020112100
221211212020020220010100221122210200000101021210020110102020121002202012100100011010121021110110212112212012002021201210
211111222012020220002000210211111210000221010102110220112010120222102020210100201120222110110120201111211002020020101112
220210202021020121121200220221200210100211020210020000211120120002212011101200101010120011210100201011211002002021201211
211202212002121120121202221121210220000211020212012110210000021102122001101102201011120020120110211101221021010120100200
221201202012111120001201221120201220000220120101010000121020111110222012201201111010121000010111211211122110121020102101
222112212011110101011201222221101210100122010211100110221021110112112012111210012010211010110101222102210000002210211211
221211212021121122111101222120200120100212010220020100210010100222002021102201111120221010120010122200122111020020201210
222102222022111111012202221212212210100122010221210221221021120002112102101111102020211010010001212102221010012210201111
221112222022222210011001220110201210000020120201020020212011102122112021211201012100221110221100212110202020001010201201
222122112021111221000201222121200220100121010210021100221010010112112012102100211211222010120100122200111110010020101210
212220212021121210021100221211210220100211020201021210211110221112122011101000212020221010220010220001112012011021102211
221112222021111110022001221110200200100121020202011120211011001022102011212200122000210110121101222110212010011010201202
220222212020121010012202221112211220101112121201020110221110110012121012102201012120122020020020221211101022000021201201
210122222020122110101202221112210210101122212210010010221110110001212022101201012120121120111020221201001021010120101101
221201212022120120002101221211112210000221010202100110222020110211112021201201212120121100010011201111222001121020101201
221112222010010220111202222212200210000122021212021120200010021202101000102111112000222010110100221200210111012021202200
221111212011021221020100221222200210100212020211010110111011121102212012111201001110121021210210202002222002011021100211
221202212021021211101101121011220200100101022211010210111011221002202002200100012110221110110011121211212021011020102211
220212222020010211111100221211201120100211022210021010220110011111112202112201112110221120120001222220212011011020000102
221110222021021220102101221212111100000221010211200110222111120221012021101201102120222200110110212110212002021111100201
221110102111121220111001211122210120200210010211111120211100221112122012202101122010222000220100120100212002000021101211
112221202021221120111100221221201210101122010200021010100020011111222111111101201120220100000111222202222011110120202211
221122222021111211110001221201201220100120121210020020211010111121212112221202002100221110220100212210202011010020101201
221111212010110111121100222120100120100212010211010100211010200222102021012201021010221020210111222101111011011120211201
221111202001001210010200221120100220000221120101010000121020111121212012111200011000222010100211222111111110011120112102
220202222022222220022000220020200200000020020202020020222022002022002020202200022000220020222000222020202020002000200202
222012212011001210021201221211111220000222020212110111222020210112202112012101112010222020100102212002211010012220212102
222111222020021220101101222122210100000110021210110110112111221111112012101101012020222110120110222211202012012111201200
222212212021021221000101222121210210000111021210020110111020111112102012201100112120222010020010122211212111011020202210
222022222020022220002000220222020200000020020200020220200000000202202020000002022020222000222202222000202020002020202200
211211212022011220000201221110221210111221120211020200121120010102102011100100112221220110021012122201112011012020012100
222021202010000111111101222220110220000222020201010010221020200222112011121200112010222020210101222101211011001220212202
211201202012110120102101212221201220100220020212010000212020110101212112202202222020120000110001211201222001121010202200
211112212012121121011201221110210210001221120211010110111010120012111022200000112120220010120011221100102010121020111000
221001212021001120012201220201211220100221020222210121221020221102101102111102102020222020110002112001112020112120102112
222222002020020222002200220200200220000220220202000020222020202202022002200000002020220220220000222200020000000020200200
222102212022111120012202221211212220000221020212110111222020210101212112102102212020121010010002201102222010122120202101
121212222021100221111100222201210210100221121220011120220020010111212101112201012110220010120010221211102002011110100102
211111222011120121112000211120200120100211010111020210101000210222102020111101110020221020220120211201111012020020201111
222202212012220111112202222122201210100112010211111120220011021102122001101111101011110010020010222101220011001210200210
121202222022211220012100221110210200000121120211011120221021001112112010102200022110220010121010221111102011002100200102
222111212011010211010200222111000120101111010202000100221020211112212021021100012100222110210201212011110010102110211201
221101212012021122121100221221200220200221020201010110120111221102222001212201102120221010220110201011211002011020101202
212211222020021210011100221111210210000101021200020210111020222102212001100000112020221020120020221112112022012020102210
112111212012121121120000222222200210200222010201011110010011112202222101212102102220221010110111212102222002120020101202
221011222001000220011111221222200210000122020222021210211021120102012000102122201110122020220110122211221021102020201200
221211102021020122112200220210200220100220120201010010221120211102122001201100102020220110220000211110110001001020201201
222012222021012220012101220212121210000121020211120221211010110102202111001002112020222010111102212001212020012120202101
222202202022220020002202222220202220000220020202000000222020200200222022202202222020020000020002200202222000222020202200
221011212020011120002100220211110210100120020211110120210010111202101011110102012020222010221102122000102020102020102211
220212212020020100012201220121202120001202021201021100221110001112021102002201122220222120020011222220212021001021101101
211022222021122200100102220111201210001121211210010010212010101111212022110202012210221210211110212200102020010120102100
211212222012122120022100220110200200000110020202121020222021002122102121101100122010220010212110222110112010001010201202
222022212010011210011100221221010210000121020201010110211010100212202021011101022010222010211202222001201010002120212201
222202222020202222202002220222200200000222220200020220222020220002002020200000022200222020020022202000202000002000202222
220200202002002220000200220020200220000220220000020000020020022020222002200200000000222000000220222220022220020020002002
222112122020021220000000222022210200100100021211020221111020222102101001201000121020222110010111221221212021012020102210
111110202021110020111100221211200210200221010211111010110020112202111101211102102120221010110002122101112011211020102212
121212222021211120002201222201220210100122221210011120220110110102222011102200012120121010020020220202001012001110200102
222012222011022221011000221222110210100121020201010220110001111202212011111102012120222010221211212001212011011020101201
222101222011101221102011220222200200000222120211020210222021220002012010201011111210122020120021112111212011102010201211
221121202010010210020200221221100210000212020211010000212020110112202022011200011000121021200201212002211001002121211211
221102212012022212111101121111210210200212021212000210120002221102212002211201002210221110210111111101222011020020001212
221211212011011220101201220110200220000220120101020100120020121011221001201201111010221100010120222110122111021020002112
202122222012022120012211220210200200100200020201121020221010101122112112101100112120220011111220221201121000101020202201
112112222022111220002211221210210200100211120210011120220010100112122001102200012220220011020120220202111001102110201101
222201212012120221111201222012100120101101010202011110220010122102222010011001101101121110120110212010120021101110200200
221211202021120120011201221221201210000211020211010000212020110101212022101201111010020011110101201102222001112021201210
222212222021120111102202221211201210100121010211110210220021120002121001201211112020210100020010222101221001012110101221
222022122020111220001100221122110210100020010200021210211000010102212011001001121111222010221201222100101020001020101200
222002222022002220022202220202222220000222020222220222222020220002202202002002202020222020000002202002222020022220202002
221201222021122220112101221120211200000121020211010110211021001122002010102201112100221120221001222011212011001010200212
211112222021021210002211220220201110100201021200021010220100101112022102102200112220221121020111221211221010102020101101
221210212021020221010200221112100110101101010211010100211020121002212021010100001100121111210200202011121011102011200210
210201212002012120010201220120210220000220120111011100110010021011122002200201101010221010110210211211122120020020001101
211011222001110220011111221111200210100122120221020111111022121002021000101111110121121020220020112112222011101110201210
200112212011120220010202221010210210101122220211020111010021021002011011100100121121220010120011212101112000011110112110
221010212020011120102201221211200110100220020221200010221111221211011012111202002020222110220101122100102011112111101211
221211212022021221001101221211111210000222010211110110221020010222002021201200202220222100010010112110222101020020101211
221211102011011221001200220110200220000220220101010010121020112111122002200100001010221110110110222210021110010020101101
220222222020222020002202222202220220200022222200020020220200220002222022202200002020022020020020220202000022000020200202
222022222012222111011101221200201220000120120210010020202000211122221022210101002110221110220110211100202020110020201100
111112222021111210101201221111210200001222211220001110221020000101212011001201022220220110111020221201002011011210101001
221111222011111120002111221212210210100122121211020110221111220002122011202111101120022020120020121212111022101020200201
222120212021121220111101222222210110100220020211111110212201220121022022102101112020222100220100221100202002011112201201
210210202011010220111100211222200210100211020221020000202020020002202112101201111010120011200100212101222002011011201210
221202222021121220112101221111200200000121021202020020211011012112101010202100022000221010111000221110201111012011201201
222212102011120221112201221111200220000211120202011020221010112202122001101001101011120120120010222100120011000120200200
221111212011010110012111220122201210001212020212020200222021110012021001102112111220122020120020122221212022101021201200
222212212011120220212202221111200220000211020202021110220010121102221000102102211011120110020020222000221012011120101211
222111202011110121212102222121210220000212020201021020220010111212122000111101201011121020120010222100221022000220201201
221211222020011221211101222211211210100221021220010110210020010121102101112202102100221120220001222111212002010020100212
211201212012110111102101212222201210200121010221110110211021020002112102201211112020210000110000222201221001011100201210
201211202012020220101202220120220200101221110211010200020011020012112011200000112110220110120001222211011101012020111011
221220202021120220020100221222210210100211020211021110202110120012112022101100111010121011210100211001212002001022201211
221202222020020210102201221211201110000212022201021010210100012202111101102100122110222110010001221210211111012021101101
222011222011000110012011221211200200100222020212011210211011110012112001212111211110111110120111122211222011111020201201
222121202021011122101102222220210220000222020210020010220020100222012011211200202120222010120000122200222111010120202211
222112112011210220111201222022200220100111010201022110221000021102222001002001210102121020120110222100110021000120100200
221122222021222110001102221201211220100021221200020020211100211112222022211201002110122110120110211201101021000020201201
222021212020011121102001221221120210000121020200020120210010100212112010110101112020222010221101222100212021001120202201
220202222021121210012100220120201110000111021201021010221111002112012111102200122110221120121001222120212020002010100102
210212212021121120001202221111220210101122221201020110120110120002112022201100112120121010020011221201001011011020111101
222012122021101220011201221112211220100121010211121211222010120002212102002001211111222020110101212101111020011120101101
220201212021121112212101121010210110200202011221010200210001210112102011101201011110220110210011121200122021020020101211
212101212011001220012011220222201200000221020122020100211021120002122001102011111120122020120010122211112011102020100201
212122222012122110011101220200201210000110120201121020212010102222212122110101112110221100211210212200112010000020202201
221111202011010111121200221220100220100221020201010000221120210112212011112200112010221010210101211011200001002120212202
210112222020021200101201220121201110001212112210011000221110001101112112001201122220221220111011222210112020011120001001
222101222011010220102111221212200200000222021212020110211011121102111000202011111110122010110010121211211112112021201200
222212202011221220112201221121201220001112020201021020210010021111222011011101200011120110010120222101221021000220201210
222211222021011220101201222201211210110221021211020110211110011202201000101100012111221110011011121201211112012021102200
220200212021120022222100221120200120200211010210020100210110210112112010102201111020220010220010211110111012011020201201
221201122020120021122000222110200110100212010221020100200010200112112020112202011020221120210020222100121011110020101111
222202202012220120112202222121201220000211020202011010221010111201222011102102211011020010020011211101221011111120201200
212122212011121220002100210220201220001121020101020120101010120121212021120100200020221110110220211202211011010120202121
222112222021011220112202220201211220000221020212120211221020220002211101102102212020221110010011212001222011022120102112
200112212021021210100202220021210200002222211211010100121020010001102022100101122220220110111011222200002010021120012000
221212222020101222211001221212200210100221121210020120221020120011102111211101012100221020120011212110202001011010101212
211201212021021220101202221120221200001222120211010200110020010112002011101101212210221110120002222101112001011020111111
222121212020010121202102221210210220000221020201020110220020210112121000211201212020221110120010222100222012011120102212
202121212012021220102212220220210200200210010210010110120001110022122001201100002110220121120110221212120101102020201111
221111212021011220021201220212211210000212020221120111212020120002202112001101101010121021100101202002222011012121201111
212111222012020221001100211111100120101110010102010210111010221112212020120000101110222110220210201111110011111010201111
211112222020021210201202221112200200001222112211010010211010011101201011101101022110221110101010221200101111021121102100
211102222012012120021202220211221220000221020222111211211010120002112102101102202020221020110101201102222020021120101101
221201212021220021112101222120201120100211010211010100211010200211112021102202121020120010120011211201122011121020201200
222112222020101111112002221211200200100222120201011220211010110012102011211100122100211110020112212100212000011010202212
210202212022121220011101220020210200001121120202020110121021011012002021201100122110220010121001222110102010012010111101
221121112020110220010200221122200210100111010210021100212010020002212012001100110101121021210200212101111011001021100210
222122112020122220001100221121201210101111020211020121210020121111111011111100210020221200000211221211222020011120102220
221211202011120220121201221122200210000202020211021010211010021102212011001101100001020021110110212001221012001121200210
222112222011121121112201222201200210000221021211010020201000121112210011201000012010221010110010220100201111121021201100
221101212022011121122201220211211220100221020211120111221120220002212101102101202020221010110001201011211011012120202102
220100202021010021112200220210200220200220020211110010220120221102111001211201102020221010220001111010101011102020102212
221201212012111111001201221121201210100121110110110110120021021011122002200210001010211000010110222211121110011110101111
221212222020212121102102221212210210100122221200020120221110220002112021201100012110122020020021211101101011001010201212
221122222020111010012102222201210210200122121201011120210100110012212012212200112010111110020111221201111011010020201202
221101222012111220012010220121200200000121020212020110222022111012012010202111111110121020221010122121212021102010200201
220212222021222120012101221111210210100021121201020020221111111012112021202200012010121020121010221111101021001010200202
222022222021111100011002221200201210100121120201011120201000101122212012221201112100211200120201212200212010010020202201
