110101111010010100001100110110101010000101011100011000110100001101011101001100111110111110010001111110111010001010000001
111101111011110001001101111111101100100011000110100110110011010001011001100110001010100000010000111101110000001100100110
111111101011011111000101111110100110000111010110010000110010000111001011101100101110111000010000011100111100010010101110
111011011010100110000100111011100110100010000100011100111000010001111001001000110101111010110100111100000010000010000100
111011111010000000011001111100100100100111010101001110100000000011101001111100111000100100010101111100111000010010101101
110111101010010000011101110011101110001101010101010100111010000011010001001101011110111010010010111110101011000011101100
100100101001000110101000101111100110100110010111010000101010010001101101101101111010110000100000111100111001010000101100
111010111010011110101101111111100000000110010110100000111101110110011011001101001010111100110100111100101001011101100100
111010101010000011101001111110110110000111010100010010110010100111011000110100101010111010110000111100111011000110101101
101111111001011010011100110100100100000100010101111010111010001111101111000000111010110000101110111100011000000010101101
111101111010101111101001110111100100000111110100010110111010110001001010100000011100111010010011101000101000001000101111
111111111010010110101101110100100110000110010101010100110010110001110000101101111010110100010010111000111001011010001111
001110101011110010110000111111100100100111000100011000000010001101111100101001101110110000000001111101111001110010101101
110000101010000010001100110100100110100110010111100010110010111101000001110101001010111010110001011000001010101010001111
011101111011100110001100111100110100000111110110001110110010000101111000001100011110110000010010110101001001001100100001
100011111010011100100101110011100100001111101110000000111010000000101011000101011110110110101010111100001010010110001000
111111001010010111001100110100100110000110110101000010111010101101011001100000001010110110110000111100010000000010100100
111011011010011110000000111011100100100100010111010111110010111101000000101000110010111100000101110110111010011010001110
100101111001011010010101110110110110000110010111001100100000010001011001100101101010110010110100100101111010010010000100
111100111010011110101101111110111100000111010110000100100010000111001000001101101100111110110001111001111001000010100111
110101111011111110011000110010100100000010010101010010111011001011001010101100011000110010111000111010101010001000100101
110100101001001110000100110010100110000110110000010000010010011010111001100100000000111000000110111110011110010010001001
110101101011011101101101010000110100100101011111000100110001110001101001100100001100110100100001010100111010010010001111
111001111001011111010000111111100110100111010101000110010001111101111001111101001110111010110110101001111001010010000101
101101101010001110011001110111101100000110010011010000100010010001111001001000011010111010010000111100001000001010000101
110111111010111010001101111101110110100011111100010010110100110001111011101100001010011010010010110101000011000010100101
111011111010011110001000110111010100000010010100010110100000000101101010000001011010111000111101111000101010001010101100
101011111001010110001000100110100110000110010001010110001000110111101010110000100010111010110110100101100001010010101011
111111101010111110001100110110101110001011010100010010100010010010111011010100100010110100000110111101111010000110101110
111011111001111011011100111100100110000110010110000010101000110011110011100000001010110010110010110000101010110010100000
111011111011111100000001110100101110000010110100010010101000101111111011110101001100111100110100101100101010000010101100
111001111011001110011101110101111110000111010111110111111010110001101101001001101010111010000001101001111010011110101001
111101011010010010011000111100100100000111010111010000100010100001111010111101001010111110100010111000110000100010001011
110100111010110011111000111010100010100101000110010100100000100111001010001101010010110010110010111100011011010010100100
101110101001010110101101110110110100100110000110000100010001010011111000100000001000110110110000111111010101001010100011
110111111010000111110000111101100110100110011110010010110010010010101101111101001000110010110000111110101001010010000101
110100101011010011111100110110100110100110010100010000110110110001111000101100101010110000110000100010100001001010101101
110000001100011110101001100011100010100100000110100010110000111101111001101101011000111000110100010100111001000010000110
110100111011010110001000110101011100000111000101100110111010010111001010100100101110111100000010101010111001010010000101
100011111000110110010101111000100110100011110110010011000011011001010000000100010011110010110010101001111000000100101110
101011111011011110001111110110100100100100010100010010110000100011011001101100001110110011010110110101110000101010101100
111101101011110010001101111110101110000110010101000000111010100100111011101101111010010000010001100101111000111010101100
101110111010011100011100110100100110000101010100010100110010111101111000000000101010110010110010110001011011011010001110
111100111011010111000100111001000010101000000101000100110010111001111010010000001100111100110100101010010010101000100100
111110111011001110000100111100111110110110010110010100111110000101101000000100001111110110011011011101111011001010001100
100101101011010110000101110010110100001111110101010100010010010001001011100000111110110000010001111100001000011010011000
111101101001110110111101111011100110000101010101011010110000011101111000001001100001010010010010111000110011000110100100
111111111011011110101101111101011110100110000111010010101000001011111010101100001110011010110010111100111000011110101000
111110101011110110010000111111110110100110010101011110101100110011011011101000111010111000110000110000101001000011101101
110011111000000110010101111111100110000011010111011110100010010101001000001111101000111010110100111100110010001010101100
111000111001000110001010110111100100000111010111010100111011110001011000101011100110011010110010011111111011101010100100
111011101000000100010100111110000110000111010101000000111010100111101011011100011000111010100101111001100000001110111101
110101111011111010101110011100110100000101011101010100110011000001111001101100101110111000110110101011111000000010111100
111101111010010110000000111011110100000000011100010110001010111001101001100000011010111010010010111111101011001010101100
111100101011100110011001110111100100100010010111010110101010001111100011101001011010111010010110111101100000001010100010
111101111010010110101101111101100100000111011101010010100000011101100000101000011000111000000000110100100101011011101100
110110101010010110010100110111100100000101010110010000101010010001101011000100000000010011100100101001111001001011100110
111001111010011110010001111011100100000000010110010000101011110101101000101100111010110010100111110110011000000100101000
110101111011011110001001110101100000001110110111010111111001010101101001101101011100110010000011110000001001001010100100
110000011010010000001100111001110100100000000001010010110000100110111001001000001010010000100010111100111001000011000100
