011101111111001111011111000010000111100111010011100011010101
010101111111101001110110000110010101110100000101010001111101
011001111111011011000011011110000001110111010011110001010111
111111111111101001011111001110000001110111010011010001111101
101001101110011101000110000010010001110111110011110001110101
011001111111001101000110001010110011110110010111110011010101
111001101111001011000111001010011010100000000101110001010111
111011011111001011001011000110000000110110010011111001110101
110001110011000001010101001010010001110011000011010001010111
111001111101001101001111001010000101110111110111011000111111
101000011101000101000111001110010111110001010111100011011101
110001101111000001011110001110100001100111011011110001011111
110000001101001011011111001110001000110101110011111001010101
110001011101011001000111001101100011110111110011010001110110
111001011111100001010111101110000000110001000111110000111100
010001011111101101100000001111101000110101010111010010111101
011101111011101111001101111110100001110000001001010011111111
111101101101011111001111001010011001110111000011000001111100
001001101111100101011111000110000001110011000010010011111101
010001111110000101001111000111010001110110011101100001010101
101101111111101011001111000010010010110101010011100001111111
010111101111000001001010001010001101110101000111110001111101
111001101111000101010111000110010101010101000011010001111100
110001011011110001000011010010100010110111010111111001111101
111001111011100111000101000010010000110111011111110010111111
110001011110011001100111001110011011110110010111110011111101
111101110110010001001111111110101010110111000001010001010111
100001111101101001000101000010000001110101110111110001110111
101000111101000101001010000000000010100011010010110001110100
111001111011000101100110001110010101110111000111100011101110
