222112222122201112011212001120010001220222021122120011222212
220002022220022002200222002220022022220220020222220022222202
211002222202102102001212001020000102220212220222121001221222
202001212211011202001120000010010011210122120021220002220201
020202222222202002220220000220020202220200000202020002222202
122112122122102122002112111220100001220110011012121012221212
120002112222101102111110002221201001210212021122120011122212
111102212221112102110220000120020102220211110112120002221202
200002222202202002000202000020000002220202220222220002220222
222012112222001112011122000220010101120211010022121002221201
211001122211011102101121001110011021210121020121220012221201
111002202222100102022221001220100002210122011021120012122212
211102221211111002001212111120101011220212110112120002120222
111212212222101012002121001020011111220202010122210002222212
120102122212112002110221001211110112220211110112020002221211
111102222212102112011212000020000112210212120122210012120212
122112222222112012011122012220000002220222020022120002121212
120001012212102112111111002221102000220202120122121011121202
221001102212002022011222002120012010210101110112221002020212
112002212122200212011212000120010001220122011121120021222212
212011022212001112001122001220010111220111020122211012121202
212001112212000202010222001220020212120102010122110012122201
021112212222011012001021012120001102220212010122220002121212
120002121122101102110101002121111001220112010122020011121212
121102122121112112101212112220111012220110011112120022222212
002002202222200202022222000220000002220022000020020022222202
222002222022200222000202000020020000220222022222220020222222
021112212222001102001120002020111112220211010222220012121202
012102212222101212022222000120000112210122010021110022121202
202000022202000202000222002220020222220002020222200022022202
212012112221012112001121000120010001220221120022221002220202
121222212222101002012121002120001102220212010122120002222202
121001112212002112011221002120111011220211120122221012020202
121002122212102202101111002121101101220212120222021010222212
111101122212101102110221001220020212220101010212110012122202
220002022202022002000222002202200022220222220022020002220220
221001112112101122011212001120011000220212121122221011121212
011002112222201202111111001221101001220112010121020021222202
222002202222002022000222002020022020200000000202220002020222
112002202222101112011222001120011011210011000111120012121212
220001102212001012022221002220101001210212121022221002021212
220001111112001012021212002120011001220112110022121002020212
121212202212011112002121002020012102220212000122110002222201
112102212121112212001211111120110002220111111012120012221212
222002222112101212001212001020010101220222121222121010222222
220002022211022002100222002211111022220221120122120012221211
121112122222102012111121000220010101220210010112121002221202
112002112222200102021222101220000001220012000121120011222201
211002122212201002010212101120000001220102110222220001221211
021002122222112112100011012221101001220212020122120011121212
122002222122111122000112011120010001220222021122220011121222
122102212122101212011212111220110102120101001012020012222211
120111102212001012012121002120002101220202110122221002121202
221002212122100112011211001120110001210222022122220011122222
022202222222002222022222000020000222200222020022200022020202
120002122211011102001222001212110012220221121112110002120211
020002222220000202002222000222020002220220022202200002020202
121002122122201212100101001121111000220212021222120020222212
221002221112001102011212002020010102220122110122021001121222
112102202212111212012222001120011002220122000021010012222201
221111112212102012022222002220001001220212120022121002121202
111002211122100102021212001120010002220022000021020012121212
221002112212011102010222001211110112120212110022020002221210
222022022222002022002022000220000000220220020022222002220202
222112222212102102012222002120000102220222120122021001222212
122002222122101212000211001020120011220221021222220021121212
122002222212002202001221002020110112220221120222121011121212
120002122220011102101222001221021012220220021212210012121202
110002122212202102100101001121101001220202120222120011221212
111101222212101102111120000110010111210111010111120002221201
122002222212012112001122012120000102220222120122121001121222
111002222212102102000211001020110012220211120222220012120212
121112212122100112001111001020011101220212011222220011222212
121112212212001102002121002020001202220212110222121001222212
111002212220011202001221000121020002220221121112210002120202
022202222022202222002202222220200002220000002002020022222222
221012022221012012101122001220011011220220020122221012221202
121101112212002122022222001120001111210212120022211012020202
020222202222000002002020002020002202220202000222220002222202
202000222202000202002020000000000020200022020020220002220200
021102222121101212002212111221110002220110012102110012121212
121112122222202102111111002221101001220212020122020011222202
121002212221000202011222000221020102120211011112110002121201
011112202222100102012121001120001102220112000121120012222202
222102212112111222001212001020021001220222011122110011222211
021202222122202112111211111220110102220100001102020012222212
112112212222201102022222001220000002220122010021020012222202
210002221112101002010202001020010002220112110122120002120222
121001112212012022011122012220001001220212120022221002020212
121102122112112112001212112211200012220111111012020012221221
120102122221112002210221001220021112220210010212120012222202
212102222122201122001212000020020010220212021122210011222222
222112212222102012011222002120011011210111010112120002121212
211001122202011102001121001101100021210122120021120002220210
211002222112201112000202000020010001220212121222220011221222
020102222221101102111221000221020102220210011202110002121202
111001222211000202002121000111010011210121021111210002120201
211002112220022102100221001120021012220221120122220012221202
121112112222100002011121102120001101220102000222220001222201
120112211122000002011111002020011102220112000122120002121212
211002212212102012000212001020011011210101110212220002120222
122002212222002112000221002020121021210110010212220012020212
220000002202002022022222002220002000220202220022222002020202
210002122112211002000112010020100011220212120222221002221212
020112112222101102101010002121102101220202010222120011222202
121102212222101102120221000220020202120201000112020002222201
101002212212201102011212000120000002220112110121120012221212
202002202220022202000220000020020002220222220022220002220202
121012122221001112002122000221010001220220021112211002120202
221001112202002112012222002120001101220212220122122001121212
112002212212101202012222001120000102220122110121021011222212
020002022222202202200000002222202000220202020222020020222202
201102222212202012001212000020010011220202120122210002221222
111001102212101112022222001220001001220112110021121012121202
221002112221011102110222001220021112120211010122120012222201
221002221022100112010202001020020001220122011122120011121222
202001112211011202000221001120020112220112120122210012121202
122102222212002212012222001020000212210222120122111011121212
111001122211000202001222001221020112220111021212200012021202
121112202222001012001121002020012111210101000212220002121212
121002022222201102110111102221101000220102010222120010222201
021102122222102212111111001121101111210212020122110021121202
012002212222111112011122011220000002220122010021120012121212
202000122202000202001121001110010121210012020121210012121201
122002212222012022000122012120011011210111010112220002020222
222002202222000202020222000220020202020202000022020002222200
210001112202102012011212001120001001220202220122221002120212
211112222212202002011212001120000002220212120122120002221212
122102222122101222011212000020010111210222021122210021121212
122102212222002122011222001020011121200111010112210012020212
112101122112101212001212112220110112220001011112110022122212
110112212212101002001111001020001102220202110222220002221212
211102212202112112001212001020011002220212110122110002221211
222002122122200112010212101120010000220112011222220010222211
221012022212012012001122001211100011220221120022121002220211
121002112222102112100111002121112010210101010212120011121212
012002212222101202011221001120110012220121010121120022121202
211001022211011102100222002220021122220111020222210022122202
021212212222001112012121001020001212210212010122210012121202
221002122022210112000112010020110010220222021222221011222212
120112202222000002012120002120101102210212011122220002122212
122212222222102112022222001120000112210222020022110012121202
112101222112101212002111111110100011210011011011120012221211
211002112211022102000221001111110012220222220022120002220211
212011122212001112002021000110000010210121020021221002220201
210002212212101002011211001120100002210212121122220002121222
211001022202011102000222002211110122220112120122110012121211
222002222202002202002222002020000202220222220222022000222222
021002122222102202100110002121211011220211020222120021121202
212001212212000202011121000110010111110112010021120002221200
222002212122101122000212001020021010210111011212220011121222
222002212212002112001222002020011111210111110212121001121222
111002222212112012000112011120000002220212120122220002120222
212002202221011202010221000120020102120212110022120002221201
222222222222202002022222002220000002220222020022020002222202
